fee=$4.0/RT ES ($12.5/tick), seed=42, random direction, shared per-day schedule

net ticks/trade (rows=target, cols=stop):
stop_t       2      3      4      6      8      12     16     24
target_t                                                        
2        -0.996 -1.020 -1.016 -1.107 -1.071 -1.047 -1.006 -1.031
3        -0.989 -1.001 -1.009 -1.107 -1.078 -1.055 -0.964 -0.941
4        -1.006 -1.015 -1.011 -1.133 -1.095 -1.061 -0.977 -0.927
6        -1.011 -1.002 -0.965 -1.088 -1.056 -0.974 -0.796 -0.764
8        -1.035 -1.043 -1.040 -1.117 -1.159 -1.070 -0.791 -0.652
12       -0.974 -0.996 -0.963 -0.972 -0.987 -0.978 -0.734 -0.526
16       -1.040 -1.099 -1.022 -1.036 -1.054 -0.988 -0.769 -0.579
24       -1.130 -1.280 -1.150 -1.152 -1.069 -1.063 -0.864 -0.578

net $/trade after fee:
stop_t       2      3      4      6      8      12     16     24
target_t                                                        
2        -16.45 -16.75 -16.71 -17.83 -17.39 -17.09 -16.57 -16.88
3        -16.37 -16.51 -16.61 -17.83 -17.47 -17.19 -16.06 -15.76
4        -16.58 -16.69 -16.64 -18.16 -17.69 -17.27 -16.21 -15.59
6        -16.64 -16.52 -16.06 -17.61 -17.19 -16.18 -13.95 -13.55
8        -16.94 -17.03 -17.01 -17.96 -18.48 -17.38 -13.89 -12.15
12       -16.17 -16.45 -16.03 -16.15 -16.34 -16.23 -13.18 -10.57
16       -17.00 -17.73 -16.78 -16.95 -17.17 -16.35 -13.61 -11.23
24       -18.12 -19.99 -18.37 -18.40 -17.36 -17.29 -14.81 -11.23

win %:
stop_t      2     3     4     6     8     12    16    24
target_t                                                
2         26.6  40.7  50.6  61.7  69.6  78.4  83.4  88.4
3         21.4  34.3  43.6  54.9  63.3  73.2  79.2  85.4
4         17.6  29.2  38.1  49.2  57.9  68.6  75.2  82.4
6         13.2  23.0  31.0  41.4  49.9  61.5  69.2  77.3
8         10.4  18.5  25.3  35.4  43.1  54.9  63.5  72.9
12         7.9  13.9  19.6  28.4  35.4  46.2  54.6  65.0
16         5.8  10.5  15.4  23.0  29.3  39.6  47.7  58.5
24         3.7   6.8  10.6  16.6  22.1  30.8  38.2  48.9

top 10 by $/trade:
 target_t  stop_t  trades  win_pct  be_win_pct  tgt  stp  eod  net_ticks  t_per_trade    PF  net_usd_fee  usd_per_trade  mae_avg  mae_med  mfe_avg  mfe_med
       12      24    4306     65.0        66.7 2788 1468   50      -2263       -0.526 0.937       -45512         -10.57    13.77     13.0    10.32     13.0
       16      24    4275     58.5        60.0 2474 1728   73      -2474       -0.579 0.941       -48025         -11.23    15.12     17.0    12.73     17.0
       24      24    4192     48.9        50.0 2001 2082  109      -2424       -0.578 0.952       -47068         -11.23    16.90     23.0    16.80     22.0
        8      24    4329     72.9        75.0 3148 1150   31      -2822       -0.652 0.899       -52591         -12.15    11.96     10.0     7.64      9.0
       12      16    4345     54.6        57.1 2364 1953   28      -3190       -0.734 0.899       -57255         -13.18    10.66     13.0     9.32     13.0
        6      24    4343     77.3        80.0 3355  964   24      -3318       -0.764 0.859       -58847         -13.55    10.68      8.0     6.14      7.0
       16      16    4327     47.7        50.0 2048 2235   44      -3328       -0.769 0.908       -58908         -13.61    11.50     16.0    11.30     15.0
        8      16    4353     63.5        66.7 2757 1578   18      -3443       -0.791 0.865       -60450         -13.89     9.51     10.0     7.04      9.0
        6      16    4359     69.2        72.7 3012 1332   15      -3469       -0.796 0.839       -60798         -13.95     8.62      8.0     5.74      7.0
       24      16    4279     38.2        40.0 1595 2612   72      -3699       -0.864 0.913       -63354         -14.81    12.57     16.0    14.52     15.0
